R1=10186.5;
R2=20409.9;
UR1=5.967;
UR2=11.844;
R1t=13900;
R2t=16696.4;
UR1t=8.0367;
UR2t=9.71795;
RESULT=1/(R1+R2)*sqrt((R2*UR1/R1)^2+(UR2)^2+(R2t*UR1t/R1t)^2+(UR2t)^2)